2236611
2247132
2249234
2249924
2252321
2252590
2256380
2256559
2256578
2256606
2256765
2256859
2256898
2256945
2257064
2257092
2257105
2257180
2257192
2257296
2257531
2257568
2257624
2257650
2257711
2257751
2257758
2257791
2257826
2257840
2257878
2257908
2257922
2257927
2257938
2258023
2258032
2258041
2258069
2258116
2258123
2258130
2258172
2258180
2258195
2258209
2258220
2258232
2258243
2258250
2258260
2258269
2258272
2258276
2258286
2258296
2258409
2258474
2258484
2258489
2258522
2258530
2258579
2258590
2258601
2258623
2258626
2258642
2258648
2258658
2258659
2258670
2258692
2258725
2258731
2258759
2258762
2258769
2258770
2258775
2258777
2258783
2258797
2258810
2258827
2258863
2258871
2258878
2258884
2258926
2258936
2258947
2258949
2258955
2258970
2258976
2258978
2258995
2259008
2259016
2259021
2259025
2259039
2259046
2259058
2259089
2259095
2259105
2259119
2259124
2259139
2259150
2259159
2259170
2259175
2259184
2259185
2259190
2259211
2259222
2259236
2259239
2259243
2259247
2259252
2259266
2259271
2259299
2259316
2259320
2259324
2259333
2259341
2259349
2259366
2259374
2259383
2259392
2259399
2259416
2259417
2259419
2259424
2259429
2259453
2259458
2259482
2259492
2259498
2259530
2259545
2259556
2259576
2259591
2259602
2259608
2259613
2259615
2259622
2259636
2259643
2259646
2259649
2259656
2259662
2259663
2259667
2259679
2259688
2259699
2259705
2259709
2259713
2259718
2259722
2259729
2259734
2259760
2259771
2259791
2259797
2259802
2259817
2259838
2259869
2259874
2259888
2259892
2259920
2259926
2259931
2259947
2259958
2259962
2259973
2259977
2259983
2259984
2260008
2260014
2260027
2260046
2260066
2260070
2260094
2260100
2260115
2260118
2260125
2260128
2260132
2260139
2260145
2260148
2260150
2260156
2260161
2260186
2260191
2260196
2260204
2260211
2260225
2260241
2260282
2260296
2260298
2260313
2260318
2260335
2260358
2260376
2260377
2260382
2260393
2260413
2260435
2260446
2260455
2260468
2260479
2260492
2260547
2260579
2260597
2260599
2260613
2260636
2260652
2260674
2260688
2260739
2260757
2260770
2260784
2260791
2260802
2260806
2260809
2260820
2260848
2260858
2260867
2260873
2260911
2265970
2267845
2267846
2267849
2267851
2267854
2267856
2267857
2267859
2267860
2267861
2267862
2267863
2267864
2267866
2267867
2267871
2267872
2267873
2267875
2267876
2267877
2267878
2267879
2267901
2267902
2267924
2267925
2267986
2267989
2267990
2267991
2267992
2267993
2268034
2268082
2268137
2268138
2268146
2268155
2268159
2268224
2268227
2268228
2268229
2268230
2268231
2268232
2268233
2268234
2268235
2268237
2268240
2268242
2268251
2268252
2268253
2268265
2268272
2268287
2268350
2268351
2268352
2268353
2268354
2268355
2268363
2268364
2268449
2268467
2268468
2268507
2268508
2268509
2268510
2268513
2268580
2268581
2268582
2268583
2268610
2268614
2268623
2268661
2268670
2268672
2268674
2268675
2268676
2268678
2268679
2268703
2268704
2268705
2268706
2268707
2268708
2268959
2268961
2268965
2268969
2269188
2269189
2269190
2269191
2269192
2269193
2269194
2269195
2269236
2269237
2269238
2269241
2269268
2269270
2269361
2269507
2269547
2269548
2269549
2269550
2269555
2269897
2269915
2269930
2269954
2269956
2269958
2270038
2270183
2270187
2270188
2270190
2270191
2270193
2270194
2270195
2270196
2270477
2270684
2270698
2270702
2270703
2270704
2270705
2270706
2270707
2270708
2270709
2270710
2270711
2270712
2270713
2270715
2270717
2270726
2270727
2270728
2271402
2271403
2271404
2271407
2271408
2271410
2271411
2271413
2271414
2271980
2276096
2278194
2290018
2303482
2303548
2304090
2304138
2304157
2304526
2304555
2304571
2304682
2304686
2304690
2304692
2304711
2304712
2304723
2309257
2309265
2309271
2309820
2309825
2309831
2311226
2311460
2313434
2313435
2313437
2313438
2313439
2313441
2313963
2314944
2315170
2315582
2315633
2315669
